27.473645 45.687297 9.894201
30.878130 54.292785 8.610286
31.044553 54.197796 8.610286
27.335875 47.421821 9.606208
27.414888 44.072574 10.057988
27.682562 35.176210 11.325016
27.957227 34.860190 11.305639
31.585418 34.748190 10.528252
31.865732 34.841213 10.586008
31.805964 34.562346 10.530877
32.152503 34.724508 10.610291
33.990860 34.964327 10.422844
34.125319 34.887844 10.431205
34.832183 34.960924 10.548466
34.527089 34.874844 9.991597
34.860746 34.996462 10.057035
35.068534 34.989704 10.085963
35.851241 34.903282 10.187111
36.139837 34.968928 10.238584
36.479105 34.866356 10.273897
36.906108 34.843679 10.333747
37.077148 34.790632 10.351703
37.406578 34.884563 10.413749
36.173170 34.998278 9.753598
36.448796 35.049087 9.798876
36.546925 34.928281 9.796403
36.810511 34.964737 9.838257
36.941166 34.873878 9.844535
37.131748 34.838975 9.866793
69.239623 21.107494 9.978646
69.301205 20.894112 9.978236
69.322982 19.976001 9.945324
69.228746 19.489597 9.914461
69.324479 19.287205 9.919651
69.223560 19.701380 9.222447
69.268396 19.484614 9.220414
69.159653 19.225254 9.198045
69.416299 19.067369 9.224354
69.169101 18.771441 9.183809
69.245528 18.564283 9.186351
89.771486 17.085401 3.397174
84.119941 17.362609 8.644438
112.371314 16.380746 0.077297
81.292056 17.276844 7.583868
88.163903 17.328283 8.199189
93.576949 17.168517 5.202499
109.019182 15.532472 3.037465
97.073077 17.153017 1.780903
88.437343 11.817784 5.726038
130.639871 12.536114 0.089332
106.810166 17.188412 1.954472
106.880753 17.143559 0.938988
171.475042 1.494289 1.487517
